# Created by Octave 4.2.1, Mon Dec 11 11:32:05 2017 IST <lipin@lipinpius-Lenovo-ideapad-310-15ISK>
# name: iter1_100
# type: matrix
# rows: 60
# columns: 3
 150 0.5 90.63884
 150 0.1 91.30297
 150 0.05 92.09361
 150 0.01 91.84061
 150 0.005 92.28336
 150 0.001 91.49272999999999
 200 0.5 90.2277
 200 0.1 91.74572999999999
 200 0.05 91.90385999999999
 200 0.01 92.12524000000001
 200 0.005 91.65085000000001
 200 0.001 90.60720999999999
 250 0.5 91.87223
 250 0.1 91.39785000000001
 250 0.05 90.03795
 250 0.01 91.58759999999999
 250 0.005 91.96711000000001
 250 0.001 90.51233000000001
 300 0.5 91.90385999999999
 300 0.1 91.74572999999999
 300 0.05 91.90385999999999
 300 0.01 90.41746000000001
 300 0.005 92.59962
 300 0.001 92.09361
 350 0.5 90.60720999999999
 350 0.1 91.4611
 350 0.05 91.77736
 350 0.01 92.97913
 350 0.005 90.98672000000001
 350 0.001 90.73371
 400 0.5 91.27135
 400 0.1 92.40987
 400 0.05 91.33459999999999
 400 0.01 91.2081
 400 0.005 91.96711000000001
 400 0.001 91.58759999999999
 450 0.5 90.19607999999999
 450 0.1 92.12524000000001
 450 0.05 92.72611999999999
 450 0.01 91.52435
 450 0.005 91.2081
 450 0.001 91.80898000000001
 500 0.5 92.03036
 500 0.1 91.58759999999999
 500 0.05 91.04997
 500 0.01 92.821
 500 0.005 92.53637000000001
 500 0.001 91.04997
 550 0.5 91.42948
 550 0.1 92.12524000000001
 550 0.05 91.52435
 550 0.01 91.4611
 550 0.005 90.57559000000001
 550 0.001 90.73371
 600 0.5 91.23972000000001
 600 0.1 92.22011000000001
 600 0.05 92.34662
 600 0.01 90.70209
 600 0.005 92.72611999999999
 600 0.001 91.93548


