# Created by Octave 4.2.1, Sun Nov 12 10:36:20 2017 IST <lipin@lipinpius-Lenovo-ideapad-310-15ISK>
# name: iter_100
# type: matrix
# rows: 120
# columns: 3
 5 0.5 62.14421
 5 0.1 33.27008
 5 0.05 60.84756
 5 0.01 66.82478999999999
 5 0.005 53.19418
 5 0.001 28.39975
 10 0.5 83.42821000000001
 10 0.1 76.05946
 10 0.05 77.73560999999999
 10 0.01 88.20367
 10 0.005 74.92094
 10 0.001 83.0487
 15 0.5 78.3365
 15 0.1 83.55471
 15 0.05 78.27324
 15 0.01 85.35737
 15 0.005 85.80013
 15 0.001 82.9222
 20 0.5 88.93106
 20 0.1 89.69007000000001
 20 0.05 76.56546
 20 0.01 88.80455000000001
 20 0.005 85.45225000000001
 20 0.001 89.24731
 25 0.5 84.56673000000001
 25 0.1 79.88615
 25 0.05 92.06198999999999
 25 0.01 90.10120000000001
 25 0.005 87.28653
 25 0.001 89.78494999999999
 30 0.5 90.25933000000001
 30 0.1 90.29096
 30 0.05 89.91145
 30 0.01 91.42948
 30 0.005 89.53194000000001
 30 0.001 90.63884
 35 0.5 90.89184
 35 0.1 90.03795
 35 0.05 90.35420999999999
 35 0.01 90.25933000000001
 35 0.005 89.56357
 35 0.001 89.02593
 40 0.5 89.65844
 40 0.1 89.43707000000001
 40 0.05 90.92346999999999
 40 0.01 89.84820000000001
 40 0.005 90.48071
 40 0.001 90.86022
 45 0.5 90.73371
 45 0.1 89.9747
 45 0.05 90.51233000000001
 45 0.01 90.95509
 45 0.005 90.89184
 45 0.001 91.11322
 50 0.5 90.67046000000001
 50 0.1 90.60720999999999
 50 0.05 91.36622
 50 0.01 91.11322
 50 0.005 91.08159000000001
 50 0.001 90.63884
 55 0.5 90.92346999999999
 55 0.1 90.38583
 55 0.05 91.7141
 55 0.01 90.98672000000001
 55 0.005 89.69007000000001
 55 0.001 91.04997
 60 0.5 91.80898000000001
 60 0.1 90.73371
 60 0.05 90.95509
 60 0.01 90.41746000000001
 60 0.005 90.29096
 60 0.001 90.89184
 65 0.5 90.19607999999999
 65 0.1 91.36622
 65 0.05 89.84820000000001
 65 0.01 90.86022
 65 0.005 90.98672000000001
 65 0.001 91.2081
 70 0.5 90.70209
 70 0.1 91.17646999999999
 70 0.05 90.57559000000001
 70 0.01 91.49272999999999
 70 0.005 90.67046000000001
 70 0.001 90.60720999999999
 75 0.5 90.57559000000001
 75 0.1 90.63884
 75 0.05 90.60720999999999
 75 0.01 92.06198999999999
 75 0.005 90.25933000000001
 75 0.001 92.28336
 80 0.5 92.18849
 80 0.1 90.76533999999999
 80 0.05 91.68248
 80 0.01 91.01833999999999
 80 0.005 91.27135
 80 0.001 91.27135
 85 0.5 90.63884
 85 0.1 91.4611
 85 0.05 90.57559000000001
 85 0.01 91.39785000000001
 85 0.005 90.54396
 85 0.001 91.2081
 90 0.5 91.33459999999999
 90 0.1 89.50032
 90 0.05 90.67046000000001
 90 0.01 90.54396
 90 0.005 90.16445
 90 0.001 91.55598000000001
 95 0.5 91.58759999999999
 95 0.1 90.19607999999999
 95 0.05 91.36622
 95 0.01 91.77736
 95 0.005 91.30297
 95 0.001 90.60720999999999
 100 0.5 91.52435
 100 0.1 91.58759999999999
 100 0.05 90.76533999999999
 100 0.01 90.70209
 100 0.005 91.14485000000001
 100 0.001 91.61923


