# Created by Octave 4.2.1, Mon Dec 11 11:33:47 2017 IST <lipin@lipinpius-Lenovo-ideapad-310-15ISK>
# name: iter1_150
# type: matrix
# rows: 60
# columns: 3
 150 0.5 92.75775
 150 0.1 92.69450000000001
 150 0.05 92.85262
 150 0.01 92.44149
 150 0.005 92.59962
 150 0.001 93.13724999999999
 200 0.5 92.72611999999999
 200 0.1 93.29537999999999
 200 0.05 93.10563
 200 0.01 93.13724999999999
 200 0.005 92.94750000000001
 200 0.001 93.01075
 250 0.5 93.23213
 250 0.1 91.87223
 250 0.05 93.10563
 250 0.01 93.48514
 250 0.005 92.91588
 250 0.001 93.04237999999999
 300 0.5 92.63124999999999
 300 0.1 93.13724999999999
 300 0.05 93.35863000000001
 300 0.01 93.26376
 300 0.005 93.13724999999999
 300 0.001 92.91588
 350 0.5 92.91588
 350 0.1 93.074
 350 0.05 93.29537999999999
 350 0.01 93.26376
 350 0.005 93.074
 350 0.001 93.13724999999999
 400 0.5 92.94750000000001
 400 0.1 93.13724999999999
 400 0.05 92.75775
 400 0.01 93.20050999999999
 400 0.005 93.45350999999999
 400 0.001 92.75775
 450 0.5 92.28336
 450 0.1 92.97913
 450 0.05 93.45350999999999
 450 0.01 92.94750000000001
 450 0.005 93.16888
 450 0.001 92.97913
 500 0.5 92.28336
 500 0.1 92.821
 500 0.05 93.67489
 500 0.01 92.85262
 500 0.005 93.32701
 500 0.001 93.23213
 550 0.5 92.78937000000001
 550 0.1 92.97913
 550 0.05 93.35863000000001
 550 0.01 92.91588
 550 0.005 93.16888
 550 0.001 93.074
 600 0.5 93.23213
 600 0.1 92.75775
 600 0.05 93.29537999999999
 600 0.01 92.37824000000001
 600 0.005 93.32701
 600 0.001 93.23213


