# Created by Octave 4.2.1, Mon Dec 11 11:35:41 2017 IST <lipin@lipinpius-Lenovo-ideapad-310-15ISK>
# name: iter1_200
# type: matrix
# rows: 60
# columns: 3
 150 0.5 93.54839
 150 0.1 93.83302
 150 0.05 93.074
 150 0.01 93.83302
 150 0.005 93.42188
 150 0.001 93.89627
 200 0.5 93.64326
 200 0.1 93.32701
 200 0.05 93.35863000000001
 200 0.01 93.20050999999999
 200 0.005 93.61163999999999
 200 0.001 93.42188
 250 0.5 92.22011000000001
 250 0.1 93.61163999999999
 250 0.05 93.80139
 250 0.01 93.51676
 250 0.005 93.51676
 250 0.001 93.54839
 300 0.5 93.45350999999999
 300 0.1 93.29537999999999
 300 0.05 93.42188
 300 0.01 93.76976999999999
 300 0.005 93.13724999999999
 300 0.001 93.32701
 350 0.5 93.29537999999999
 350 0.1 93.48514
 350 0.05 93.39026
 350 0.01 93.89627
 350 0.005 93.80139
 350 0.001 93.45350999999999
 400 0.5 93.42188
 400 0.1 93.76976999999999
 400 0.05 93.51676
 400 0.01 93.86463999999999
 400 0.005 93.73814
 400 0.001 93.45350999999999
 450 0.5 93.35863000000001
 450 0.1 93.32701
 450 0.05 93.35863000000001
 450 0.01 93.35863000000001
 450 0.005 93.58001
 450 0.001 93.51676
 500 0.5 93.54839
 500 0.1 93.80139
 500 0.05 93.48514
 500 0.01 93.70650999999999
 500 0.005 93.29537999999999
 500 0.001 93.54839
 550 0.5 93.45350999999999
 550 0.1 93.51676
 550 0.05 93.58001
 550 0.01 93.48514
 550 0.005 93.86463999999999
 550 0.001 93.10563
 600 0.5 93.35863000000001
 600 0.1 93.42188
 600 0.05 93.89627
 600 0.01 93.80139
 600 0.005 92.88424999999999
 600 0.001 93.67489


