# Created by Octave 4.2.1, Sun Nov 12 10:37:46 2017 IST <lipin@lipinpius-Lenovo-ideapad-310-15ISK>
# name: iter_150
# type: matrix
# rows: 120
# columns: 3
 5 0.5 75.7432
 5 0.1 78.49462
 5 0.05 86.74889
 5 0.01 62.20746
 5 0.005 83.80772
 5 0.001 61.44845
 10 0.5 89.43707000000001
 10 0.1 89.34219
 10 0.05 84.81973000000001
 10 0.01 88.39342000000001
 10 0.005 77.38773
 10 0.001 88.83618
 15 0.5 90.54396
 15 0.1 89.94307000000001
 15 0.05 91.04997
 15 0.01 90.10120000000001
 15 0.005 90.89184
 15 0.001 88.29855000000001
 20 0.5 92.03036
 20 0.1 91.7141
 20 0.05 91.68248
 20 0.01 85.67362
 20 0.005 90.38583
 20 0.001 79.91777
 25 0.5 89.84820000000001
 25 0.1 91.65085000000001
 25 0.05 91.80898000000001
 25 0.01 92.37824000000001
 25 0.005 91.49272999999999
 25 0.001 91.49272999999999
 30 0.5 91.36622
 30 0.1 92.50474
 30 0.05 91.74572999999999
 30 0.01 91.90385999999999
 30 0.005 91.96711000000001
 30 0.001 92.25174
 35 0.5 92.12524000000001
 35 0.1 92.12524000000001
 35 0.05 91.74572999999999
 35 0.01 91.36622
 35 0.005 91.4611
 35 0.001 91.80898000000001
 40 0.5 91.84061
 40 0.1 90.92346999999999
 40 0.05 92.53637000000001
 40 0.01 91.99872999999999
 40 0.005 92.03036
 40 0.001 92.03036
 45 0.5 90.86022
 45 0.1 92.06198999999999
 45 0.05 90.03795
 45 0.01 92.40987
 45 0.005 91.55598000000001
 45 0.001 93.04237999999999
 50 0.5 92.69450000000001
 50 0.1 91.68248
 50 0.05 93.04237999999999
 50 0.01 92.28336
 50 0.005 91.68248
 50 0.001 91.80898000000001
 55 0.5 91.04997
 55 0.1 92.63124999999999
 55 0.05 92.44149
 55 0.01 91.68248
 55 0.005 92.12524000000001
 55 0.001 92.47311999999999
 60 0.5 91.42948
 60 0.1 92.44149
 60 0.05 92.59962
 60 0.01 92.94750000000001
 60 0.005 92.72611999999999
 60 0.001 92.03036
 65 0.5 92.47311999999999
 65 0.1 92.12524000000001
 65 0.05 93.39026
 65 0.01 92.31498999999999
 65 0.005 92.72611999999999
 65 0.001 92.59962
 70 0.5 92.03036
 70 0.1 91.80898000000001
 70 0.05 93.16888
 70 0.01 91.77736
 70 0.005 92.50474
 70 0.001 92.50474
 75 0.5 92.31498999999999
 75 0.1 92.59962
 75 0.05 92.50474
 75 0.01 92.75775
 75 0.005 92.25174
 75 0.001 93.13724999999999
 80 0.5 92.47311999999999
 80 0.1 92.72611999999999
 80 0.05 92.37824000000001
 80 0.01 93.01075
 80 0.005 92.69450000000001
 80 0.001 92.69450000000001
 85 0.5 92.40987
 85 0.1 93.29537999999999
 85 0.05 92.78937000000001
 85 0.01 92.50474
 85 0.005 93.42188
 85 0.001 92.94750000000001
 90 0.5 92.53637000000001
 90 0.1 93.20050999999999
 90 0.05 93.95952
 90 0.01 92.69450000000001
 90 0.005 92.78937000000001
 90 0.001 92.53637000000001
 95 0.5 92.88424999999999
 95 0.1 93.074
 95 0.05 92.18849
 95 0.01 92.821
 95 0.005 92.91588
 95 0.001 92.88424999999999
 100 0.5 92.53637000000001
 100 0.1 93.01075
 100 0.05 92.25174
 100 0.01 92.37824000000001
 100 0.005 92.72611999999999
 100 0.001 92.50474


