# Created by Octave 4.2.1, Sun Nov 12 10:39:49 2017 IST <lipin@lipinpius-Lenovo-ideapad-310-15ISK>
# name: iter_200
# type: matrix
# rows: 120
# columns: 3
 5 0.5 61.92283
 5 0.1 79.22201
 5 0.05 64.07337
 5 0.01 85.23087
 5 0.005 85.26249
 5 0.001 58.34915
 10 0.5 75.39532
 10 0.1 91.14485000000001
 10 0.05 90.76533999999999
 10 0.01 90.79696
 10 0.005 89.9747
 10 0.001 88.07717
 15 0.5 91.01833999999999
 15 0.1 90.73371
 15 0.05 89.81657
 15 0.01 92.40987
 15 0.005 91.77736
 15 0.001 91.93548
 20 0.5 92.06198999999999
 20 0.1 91.96711000000001
 20 0.05 90.89184
 20 0.01 91.42948
 20 0.005 93.01075
 20 0.001 91.93548
 25 0.5 93.074
 25 0.1 89.91145
 25 0.05 92.44149
 25 0.01 91.68248
 25 0.005 92.25174
 25 0.001 92.22011000000001
 30 0.5 92.53637000000001
 30 0.1 92.88424999999999
 30 0.05 92.31498999999999
 30 0.01 92.34662
 30 0.005 92.25174
 30 0.001 92.28336
 35 0.5 92.69450000000001
 35 0.1 92.37824000000001
 35 0.05 93.51676
 35 0.01 92.97913
 35 0.005 92.63124999999999
 35 0.001 92.91588
 40 0.5 92.40987
 40 0.1 92.85262
 40 0.05 92.18849
 40 0.01 92.53637000000001
 40 0.005 92.821
 40 0.001 93.32701
 45 0.5 93.39026
 45 0.1 92.50474
 45 0.05 92.56798999999999
 45 0.01 93.20050999999999
 45 0.005 93.26376
 45 0.001 92.50474
 50 0.5 92.09361
 50 0.1 92.50474
 50 0.05 92.97913
 50 0.01 93.23213
 50 0.005 93.10563
 50 0.001 93.13724999999999
 55 0.5 93.26376
 55 0.1 93.10563
 55 0.05 93.01075
 55 0.01 93.01075
 55 0.005 93.13724999999999
 55 0.001 92.78937000000001
 60 0.5 93.80139
 60 0.1 93.23213
 60 0.05 93.51676
 60 0.01 92.44149
 60 0.005 93.10563
 60 0.001 93.04237999999999
 65 0.5 92.50474
 65 0.1 93.35863000000001
 65 0.05 93.13724999999999
 65 0.01 93.51676
 65 0.005 92.91588
 65 0.001 93.32701
 70 0.5 93.32701
 70 0.1 93.074
 70 0.05 93.76976999999999
 70 0.01 93.48514
 70 0.005 93.39026
 70 0.001 93.16888
 75 0.5 92.85262
 75 0.1 93.23213
 75 0.05 93.51676
 75 0.01 93.51676
 75 0.005 93.26376
 75 0.001 92.34662
 80 0.5 93.42188
 80 0.1 93.45350999999999
 80 0.05 93.86463999999999
 80 0.01 93.20050999999999
 80 0.005 93.54839
 80 0.001 93.074
 85 0.5 93.20050999999999
 85 0.1 93.20050999999999
 85 0.05 93.23213
 85 0.01 93.73814
 85 0.005 93.45350999999999
 85 0.001 93.70650999999999
 90 0.5 93.64326
 90 0.1 93.23213
 90 0.05 93.67489
 90 0.01 93.48514
 90 0.005 93.51676
 90 0.001 93.67489
 95 0.5 93.04237999999999
 95 0.1 93.32701
 95 0.05 93.29537999999999
 95 0.01 93.26376
 95 0.005 93.39026
 95 0.001 93.48514
 100 0.5 93.074
 100 0.1 93.16888
 100 0.05 93.42188
 100 0.01 93.83302
 100 0.005 93.70650999999999
 100 0.001 93.45350999999999


